-8788875063804106043
-8236619496129478676
-8155176256951713755
-8032114577361414127
-7219358831342878844
-6961856151434833643
-6105531419943878460
-5858311403397014684
-5841501660850835293
-5289809971535592037
-5038388247910355155
-4499582508949668710
-4178251098563967692
-3910979708961751839
-3802406778480394473
-3441824344858437153
-2670870436278658084
-2626836527800565369
-2568078089316929747
-1934879990631823354
-192824717792502865
95556698719496025
502209616632503807
1502916371004967302
2841521030329499024
3382224394425118174
3472281408932171328
3901726147612594491
4011425161171276635
4325835578042323178
4382135805816479072
4811943839623455332
4872503519470729039
5016879228069981011
6482125967263882780
7100378668137762463
7308054945198188374
7623322762617569185
7946607255316831899
8146016482624774291
8299229132006197763
8330253815435666020
8374764829556424684
8792023958232055788
8894525790858188873
9219618935537182209
