888894152
1123775176
2820688295
7369093832
7488631496
8855314601
9501897416
9736778440
10030768297
10800285079
11508140455
11608621735
11610636711
11610718887
11740593319
11840798105
11906352537
12182110631
12375066009
12651159721
13621887655
14492321175
14526743961
17340003016
17876860071
18443367272
18967761752
22121771880
23229174616
23575884488
25589150408
26102803111
26136560039
27039401369
27108854183
27143316137
27177593511
27614126761
27716846247
28185741735
28251873449
28422719911
29018244503
29052667289
29763707561
29828678311
29862273705
30058757529
30093034903
30665883033
30966248136
31776973481
35288847192
36492378791
37381612201
38285625767
38505644711
38566577559
38751452569
39304893272
39438742216
43725583208
44355832231
45432719783
46265222551
46507510183
46804839079
46977090215
47010685609
47305735577
47340012951
48885613975
48990356135
52804940488
53344170856
54432699224
56577716936
60325313703
61502406041
61503013543
61637413287
61973741991
62009657767
62103698599
62338579623
62546061991
62613570967
62842160535
63586249383
63654691495
63882673561
64190229159
64221888935
64223986087
64419038617
64421135769
64488160423
66290676424
66511246168
66525557448
68538823368
70810025127
72823291047
73650159001
73662428008
73690846040
73924678488
74769830744
74903679688
77542285481
77542795943
78884391335
79220720039
79221055657
79256635815
79350676647
79486991527
79793040039
80021629607
80089138583
80227476137
81129651609
81598823591
81666016665
81668113817
83655094984
83676066504
85771490136
87647392600
88809108328
89778099032
90939814760
91908805464
92049314648
92145783640
93321237336
94821769385
95793986969
95997223081
96367370409
96369978023
96870615463
96905077417
97235778969
97474595239
97704950951
97774241177
97807252889
97947503015
98583847593
99319622311
100458775959
100493198745
101976183640
103095956328
104102326984
104203359064
104238641864
106115645863
109155783512
110486057672
113009830567
113075242391
113580581545
113582678697
113614348457
113616956071
114117593511
114152055465
114587091367
114587173543
114623007143
114951928999
115158565287
115158900905
115455509911
120412926664
121004376487
128786174808
130087074983
130156145319
130693300903
130695398055
130728993449
130991031705
132100340903
132307312809
132943544999
133239178649
134956810919
136029686183
137455432392
138464424808
139468833447
140571786407
143589970776
143702848200
145950995144
146831138985
146842547048
147403123367
147940278951
147942376103
147975971497
148172455321
148238009753
148706723225
148982481319
148982816937
149554290857
150087944615
150858401177
150891412889
155919807176
157409153880
157430125400
159556268744
159560831832
159657300824
160701576040
162839677351
163371058585
163440511399
163508740265
163509250727
164051514056
165088608679
165088690855
165349901719
165384324505
165453446311
166193930921
166424692119
167028671895
167063094681
167200440743
167200776361
167236356519
167565278375
168173601447
169407640264
171655787208
171848725192
173788576935
174870897321
176036723879
176777294696
177041642328
177044788056
179167785672
180618036633
180687489447
180721951401
181694704295
181694924185
182233090471
182335586727
182596879767
182631302553
183342342825
183637392793
183671670167
183843774633
183880221351
184014621095
184447418791
184447754409
184713690279
185217271191
185355608745
185420579495
186652521160
190764356440
191785562984
192874091352
192895062872
193916269416
194014835560
195025769304
195124335448
197800321193
197834063257
197834670759
198976285351
200521886375
200553546151
200553628327
200589461927
201125355689
201421964695
201560302249
201562399401
201594069161
201596676775
202498852247
202566812071
203573568169
203575665321
206282912456
208072966823
208368600473
209329078695
210335834793
211101487960
211235336904
212242232168
213928150425
215081041305
215081648807
215216048551
215986505113
217164884647
217233326759
217461308825
217768864423
217997673881
217999771033
218066795687
218807280297
218809377449
218843654823
219869311688
220684305815
220820546217
222117458632
222236996296
224365605576
226111853400
226227196760
227250500456
228477440856
229381206888
231903138648
232328880297
233806252455
234038705319
234138910105
234480222631
234673178009
234949271721
235146085785
235919999655
235922096807
235955692201
236217730457
236286852263
236790433175
236824855961
237933265575
240337515208
240535016280
241514017480
243537904295
243833537945
245487440728
246899872600
248927449800
249575858345
250413670569
250952426153
251053230503
251283586215
251352876441
251490222503
251526138279
251787167127
253166977703
253168992679
253169074855
253298949287
253399154073
253464708505
254037411223
255182258599
257889891176
258896261832
258898358984
258992730824
260526117720
260774261448
262635852632
262671135432
263008097112
263942378328
266418732199
267168477896
268429900967
268431998119
269275202215
269308797609
269603847577
269744097703
269810229417
269846676135
269981075879
270576600471
270611023257
270678637977
270680145063
271183725975
271322063529
272224239001
276903443623
278050734759
278939968169
280149848776
282364810072
283665710247
283734780583
284873934231
284941894055
285314138535
285314474153
285676879015
285678976167
285885948073
286991075751
287562621097
289471217049
289575887017
293258359656
293354828648
293879223128
294902526824
295991055192
297033233256
298136072904
298140635992
301883669671
301952959897
302525588137
303427763609
303568013735
303896935591
303929705879
303964128665
303966225817
304104417959
304400516503
304740139687
308069602136
311202554537
312368381095
312437671321
314317017944
315208514969
